lastAccountName: autisticlol
timestamps:
  login: 1733466798631
  logout: 1733466943570
ipAddress: 10.44.0.2
logoutlocation:
  world: world
  x: 208.30000001192093
  y: 53.0
  z: 1286.5477867375066
  yaw: 97.500114
  pitch: 29.999996
